000000000000100000000011000001100011000100000100010010000000100001000010000000000001000000000000000000
000000000000000000000000000000000000100000100001000000000010000010000000100100000000000010000001000000
000000000010000000000000000000001100000000000010001000000000000000000001000011010000000000000000000000
000110010100011001001100000000000000000011000000000000000100000100100000000000000000000000000000100001
000111111111111111111111111111111111111111111111111111111111111111111111111111111111111111111111111111
000000000000000000000000000000000000000000000000000000000000000000000000000000000000000000000000000000
000001000000000000000000000000000000000000000000000000000000000000010000000000000000000000000000000000
000000000000000000000000000000000000000000000000000000000001000000000000000000000000000000000000000000
000000000000000000000000000000000000000000000000000000000000000000000000000000000000000000000000000000
000000000000000000000000000000000000000000000000000000000000000000000000000000000000000000000000000000
000110000000000000000000000000000000000000000000000000000000000000000000000000000000000000000000000000
000000000000000010000000000000000000000000000000000000000000000000000000000000000000000000000000000000
000000000000000000001000000010000000000000000000000000000000000000000000000000000000000000000000000000
000110000010000100000000000000000000000000000000000000000000000000000000000000000000000000000000000000
000000000000000100000000000000000000000000000000000000000000000000000000000000000000000000000000000000
000100000010000000000100000000000000000000000000000000000000000000000000000000000000000000000000000000
000000000001000000000000010000000000010000000000000000010000000000000000000000000000000000000000000100
000110101100000010000000000010010000000000000000001000100000001100000000000000100000000100000000000000
000000010001001101101100011010000000010011000000000000010100001000000000000000000000000000000000100000
000000000000000000000000000000000000000000000000000000000000000000101000000000000000000101010000000100
000001011001111101111111111100001101101111010111010010001100101010000010111101111100000001000000100010
000110000100000010000000000000010000010000101000000001110010000000001100000000000001000000000100000000
000000100000000000100000110000000000000000010100100110010100100100001000001000000111000000000000100010
000000001001011100011101000000100010110001100010000001000010000001000111000111110000000000000100000000
000000111000101100010000000101000000001010001010000000100000000100100000010001111100000000000000000000
000110000001010010000011100010010010100000010000001001000100000001000001101010000001000001010100000100
000000000011000100001101011000000100000011000010000010000000000000000000000000001000000000000000000000
000001110000011001010000000000001010000000000100000000000000000100000001000011010000000101010000100100
000001000000010001111100100000010000000011000000000000000100000000100001000010000000000001000000000000
000110000110000000000000011100001000000000010000000000000000100000000000000000000000000100000000000000
000001000001000111101100010000000010000000000010000000000000100100000001000001101000000000010000000000
000000101110011000000000001000000100001011000100000000000000000001100000000010010000000001000000000000
000000000000100000000000000001100001000000100001000000000011000010010110010000000000111000101001011010
000110000110000000000000000000000000000000000000000000010000010000001000000000000000000100010010000100
000111111101011111101100011010011100010011000010001000110111011100111001000011110000000101010000100101
000000000000100000010011000100000010101000100101100111001000100011000110111000001101111010101110011010
000000000000000000000000000000000000000000100000000000000000010000000010010000000010101000000000001000
000111101101011111111111111110011110111111011110111111111111101101111001101111111101000111011100110101
000111111101011111101100011011111101010011000010011000110110001100101001000011110000000100111001110100
000000000000000000010011100100000010101100011100000111000001100001010000101100001111001010000100001001
000111111100011101011101110101100011011011111110100111111101110101111001110111111101110111010000110100
000000000000100000000000000000000000000100000001010000000010000010000100000000000010000000101001000010
000000000000000000000000100100000010001100011100000111000001100001010100000100001101011000101000011000
000111111111111111101110011011111101110011100011101000111100011110101011011011110000100101010101100111
000111111101111111101110111010011100110111111011001000110100011110101011011111110000010101111000101110
000000000000000000010001000101100011001000000100110111001001100001010100100000001100101000000110000001
000000000000100000000000000000000000000000000000100000001001000010010000000000000000011010001000000010
000111111111011111111111111110011110111011011111001010110100101101101001001011111101000101110100101101
