000000000000000000000000000000000000000000000000
000000000000000000000000000000000000000000000000
000000000000000000000000000000000000000000000000
100110010110011000100010001000101010010000011000
100110010110011000100010001000100010010000011000
100110010110010001011000000100000000000001010000
100110010110010010001001010000100000000000010000
100110010100010000001001000101000000000000011000
100110010110010010000001100100100000000000010000
100110010110011010100000001000100000000000011000
100010000000001010100100000000001010000000010100
100110000110010001000110100101010000000000010000
010110100000100100000001000100000000000000010001
100110010110010010011010100100000000000000011000
100110010110010010001001100101000000000000011000
100110010110010001000101100101000110000000010000
100110000110010001000010001000100000100000010000
100110010110010001011000000101000000000000011000
100110000110010001010000010101000000000000010000
101000011010100000011001100100000000000000010000
100110010110010001010100100101000001000000011000
100110010110010001010100100101001000000000011000
100110001010100000000010000100000000000000010001
101000011010100000000110100100000000000000010001
100101011010000000010010010100000000000000010000
100110010110010001100100010101010000000000010000
100110000110010010100100000101000000000000010000
101001011010100000100001000100000000000000010000
100110000110010000000010000001100001000000010000
001010010100000100000001000000000000000000010001
001010010100000100000000100000000000000000010001
100110000110010000010010001000100000000000010000
100110000110010000101000000100000000000000010100
100110000110010010000100000100000000000000010100
101001011010100001001010100000000000000000010001
001010010100000100000000000100000000000000010001
100110001010100000000010100100000000000000010010
100110010110010000000000101001010000000000010000
101001011010100010000001000100000000000000010000
000101101010000000000000000100000000000000010001
100110010110010010010101000101000000000000011000
100110010110010010010100100101000000000000011000
000110010001100100000000101000000000000000010010
100101011010000000100010010100000000000000010000
100101011010000000000001001000000000000000010000
101001011010100010001000010100000000000000010001
100110010110010001000101100100000000000000010100
100110100000100100000000000100000000000000010010
011010010010100000000000010000000000000000010000
001000100110000000000000000100000000000000010001
100110000110010000000010000000100000000000010100
001001011010100000000000010000000000000000010000
101001011010100000000100010100000000000000010001
001001011010100000000010101000000000000000010000
100110010110010000000001001000100000000000010000
100110010110011000000000011001010000000000010000
011010010010100000000000000100000000000000010000
100110010110010000010010010101000000000000011000
000000100110010100000000101000000000000000010010
011001011010010100000000000000000000000010010000
101001011010100001100000010100000000000000010001
000110010001011000000000000000000000000000010000
100110000110010000000000000101100000000000010000
100110010110010001001001010000100000000000011000
010110100000100100000000000100000000000000010010
101001011010100010000010100000000000000000010001
100110010110010010010001000010000000000000011000
011001011010010100000000000000000000000001010000
100110010110011000000000011010000000000000010000
001001100000100100000000101000000000000000010000
000110000001100100000000100100000000000000010001
100110010110010001011010100000000000000000010100
001000011010100000000010000100000000000000010010
000110010001100100000001000100000000000000010000
100110001010100000000010010100000000000000010000
000101011010000000000000100100000000000000010010
100110010110010010011010100000000000000000010100
100110010110010001001001100100000000000000010100
100110010110010001000001100100100000000000010000
100110010110010010001001100100000000000000010100
101001011010100001000101000100000000000000010000
101001011010100000000001010100000000000000010000
000000101001000000000000010000000000000000010000
100001011010100000000010011000000000000000010001
001010010001100100000000000000000000000000010000
010101010000100100000000000000000000000000010000
011001001001100100000000000000000000000000010000
100110010110011000101000000010100000000000010000
010000011010100000000000000000000000000000010010
100110010010010010011010000110000000000000010000
100101100100100100000000000000000000000000010000
100110010110011001001010000010000000000000010000
010101100110100100000000000000000000000000010000
101010001010100000000010101000000000000000010000
001000000000101000000000000000000000000000010000
000010100100000100000000000000000000000000010010
100110010110010000001000010101000000000000011000
000001010110100100000000000000000000000000010000
100101001001100100000000000000000000000000010000
100110010110011000001010000010010000000000010000
010110100000100100000000010100000000000000010000
101010001010010000000000000000000000000000011000
